50
37
00000000000000000000000000000000000000000000000000
00000000000000000000000000000000000000000000000000
00000000000000000000000000000000000000000000000000
00000000000000000000000000000000000000000000000000
00000000000000000000000000000000000000000000000000
00000000000000000000000000000000000000000000000000
00000000000000000000000000000000000000000000000000
00000000000000000000000000000000000000000000000000
00000000000000000000000000000000000000000000000000
00000000000000000000000000000000000000000000000000
00000000000000000000000000000000000000000000000000
00000000000000000000000000000000000000000000000000
00000000000000000000000000000000000000000000000000
00000000000000000000000000000000000000000000000000
00000000000000000000000000000000000000000000000000
00000000000000000000000000000000000000000000000000
00000000000000000000000000000000000000000000000000
00000000000000000000000000000000000000000000000000
00000000000000000000000000000000000000000000000000
00000000000000000000000000000000000000000000000000
00000000000000000000000000000000000000000000000000
00000000000000000000000000000000000000000000000000
00000000000000000000000000000000000000000000000000
00000000000000000000000000000000000000000000000000
00000000000000000000000000000000000000000000000000
00000000000000000000000000000000000000000000000000
00000000000000000000000000000000000000000000000000
00000000000000000000000000000000000000000000000000
00000000000000000000000000000000000000000000000000
00000000000000000000000000000000000000000000000000
00000000000000000000000000000000000000000000000000
00000000000000000000000000000000000000000000000000
00000000000000000000000000000000000000000000000000
00000000000000000000000000000000000000000000000000
00000000000000000000000000000000000000000000000000
00000000000000000000000000000000000000000000000000
00000000000000000000000000000000000000000000000000
11111111111111111111111111111111111111111111111111
11111111111111111111111111111111111111111111111111
11111111111111111111111111111111111111111111111111
11111111111111111111111111111111111111111111111111
11111111111111111111111111111111111111111111111111
11111111111111111111111111111111111111111111111111
11111111111111111111111111111111111111111111111111
11111111111111111111111111111111111111111111111111
11111111111111111111111111111111111111111111111111
11111111111111111111111111111111111111111111111111
11111111111111111111111111111111111111111111111111
11111111111111111111111111111111111111111111111111
11111111111111111111111111111111111111111111111111
11111111111111111111111111111111111111111111111111
11111111111111111111111111111111111111111111111111
11111111111111111111111111111111111111111111111111
11111111111111111111111111111111111111111111111111
11111111111111111111111111111111111111111111111111
11111111111111111111111111111111111111111111111111
11111111111111111111111111111111111111111111111111
11111111111111111111111111111111111111111111111111
11111111111111111111111111111111111111111111111111
11111111111111111111111111111111111111111111111111
11111111111111111111111111111111111111111111111111
11111111111111111111111111111111111111111111111111
11111111111111111111111111111111111111111111111111
11111111111111111111111111111111111111111111111111
11111111111111111111111111111111111111111111111111
11111111111111111111111111111111111111111111111111
11111111111111111111111111111111111111111111111111
11111111111111111111111111111111111111111111111111
11111111111111111111111111111111111111111111111111
11111111111111111111111111111111111111111111111111
11111111111111111111111111111111111111111111111111
11111111111111111111111111111111111111111111111111
11111111111111111111111111111111111111111111111111
11111111111111111111111111111111111111111111111111
11111111111111111111111111111111111111111111111111
11111111111111111111111111111111111111111111111111
11111111111111111111111111111111111111111111111111
11111111111111111111111111111111111111111111111111
11111111111111111111111111111111111111111111111111
11111111111111111111111111111111111111111111111111
11111111111111111111111111111111111111111111111111
11111111111111111111111111111111111111111111111111
11111111111111111111111111111111111111111111111111
11111111111111111111111111111111111111111111111111
11111111111111111111111111111111111111111111111111
11111111111111111111111111111111111111111111111111
11111111111111111111111111111111111111111111111111
11111111111111111111111111111111111111111111111111
11111111111111111111111111111111111111111111111111
11111111111111111111111111111111111111111111111111
11111111111111111111111111111111111111111111111111
11111111111111111111111111111111111111111111111111
11111111111111111111111111111111111111111111111111
11111111111111111111111111111111111111111111111111
11111111111111111111111111111111111111111111111111
11111111111111111111111111111111111111111111111111
11111111111111111111111111111111111111111111111111
11111111111111111111111111111111111111111111111111
11111111111111111111111111111111111111111111111111
11111111111111111111111111111111111111111111111111
11111111111111111111111111111111111111111111111111
11111111111111111111111111111111111111111111111111
11111111111111111111111111111111111111111111111111
11111111111111111111111111111111111111111111111111
11111111111111111111111111111111111111111111111111
11111111111111111111111111111111111111111111111111
11111111111111111111111111111111111111111111111111
11111111111111111111111111111111111111111111111111
11111111111111111111111111111111111111111111111111
11111111111111111111111111111111111111111111111111
11111111111111111111111111111111111111111111111111
00000000000000000000000000000000000000000000000000
00000000000000000000000000000000000000000000000000
00000000000000000000000000000000000000000000000000
00000000000000000000000000000000000000000000000000
00000000000000000000000000000000000000000000000000
00000000000000000000000000000000000000000000000000
00000000000000000000000000000000000000000000000000
00000000000000000000000000000000000000000000000000
00000000000000000000000000000000000000000000000000
00000000000000000000000000000000000000000000000000
00000000000000000000000000000000000000000000000000
00000000000000000000000000000000000000000000000000
00000000000000000000000000000000000000000000000000
00000000000000000000000000000000000000000000000000
00000000000000000000000000000000000000000000000000
00000000000000000000000000000000000000000000000000
00000000000000000000000000000000000000000000000000
00000000000000000000000000000000000000000000000000
00000000000000000000000000000000000000000000000000
00000000000000000000000000000000000000000000000000
00000000000000000000000000000000000000000000000000
00000000000000000000000000000000000000000000000000
00000000000000000000000000000000000000000000000000
00000000000000000000000000000000000000000000000000
00000000000000000000000000000000000000000000000000
00000000000000000000000000000000000000000000000000
00000000000000000000000000000000000000000000000000
00000000000000000000000000000000000000000000000000
00000000000000000000000000000000000000000000000000
00000000000000000000000000000000000000000000000000
00000000000000000000000000000000000000000000000000
00000000000000000000000000000000000000000000000000
00000000000000000000000000000000000000000000000000
00000000000000000000000000000000000000000000000000
00000000000000000000000000000000000000000000000000
00000000000000000000000000000000000000000000000000
00000000000000000000000000000000000000000000000000
11111111111111111111111111111111111111111111111111
10000000000000000000000000000000000000000000000001
10000000000000000000000000000000000000000000000001
10000000000000000000000000000000000000000000000001
10000000000011111111111000000000000000000000000001
10000000000000000000000000000000000000000000000001
10000000000000000000000000000000000000000000000001
10000000000000000000000000000000000000000000000001
10000000000000000000000000000000000000000000000001
10000000000000000000000000000000000000000000000001
10000000000000000000000000000000000000000000000001
10000000000000000000000000000000000000010000000001
10000000000000000000000000000000000000010000000001
10000000000000000000000000000000000000010000000001
10000000000000000000000000000000000000010000000001
10000000000000000000000000000000000000010000000001
10000000000000000000000000000000000000010000000001
10000000000000000000000000000011111111110000000001
10000000000000000000000000000000000000000000000001
10000000000000000000000000000000000000000000000001
10000000000000000000000000000000000000000000000001
10000000111111111111111111000000000000000000000001
10000000100000000000000001000000000000000000000001
10000000100000000000000001000000000000000000000001
10000000100000000000000001000000000000000000000001
10000000100000000000000001000000000000000000000001
10000000000000000000000001000000000000000000000001
10000000000000000000000001000000000000000000000001
10000000000000000000000001000000000000000000000001
10000000100000000000000001000000000000000000000001
10000000100000000000000001000000000000000000000001
10000000100000000000000001000000000000000000000001
10000000111111111111111111000000000000000000000001
10000000000000000000000000000000000000000000000001
10000000000000000000000000000000000000000000000001
10000000000000000000000000000000000000000000000001
11111111111111111111111111111111111111111111111111
01111111111111111111111111111111111111111111111112
00000000000000000000000000000000000000000000000002
00000000000000000000000000000000000000000000000002
00000000000000000000000000000000000000000000000002
00000000000001111111112000000000000000000000000002
00000000000000000000000000000000000000000000000002
00000000000000000000000000000000000000000000000002
00000000000000000000000000000000000000000000000002
00000000000000000000000000000000000000000000000002
00000000000000000000000000000000000000000000000002
00000000000000000000000000000000000000000000000002
00000000000000000000000000000000000000020000000002
00000000000000000000000000000000000000020000000002
00000000000000000000000000000000000000020000000002
00000000000000000000000000000000000000020000000002
00000000000000000000000000000000000000020000000002
00000000000000000000000000000000000000020000000002
00000000000000000000000000000011111111120000000002
00000000000000000000000000000000000000000000000002
00000000000000000000000000000000000000000000000002
00000000000000000000000000000000000000000000000002
00000000011111111111111112000000000000000000000002
00000000000000000000000002000000000000000000000002
00000000000000000000000002000000000000000000000002
00000000000000000000000002000000000000000000000002
00000000000000000000000002000000000000000000000002
00000000000000000000000002000000000000000000000002
00000000000000000000000002000000000000000000000002
00000000000000000000000002000000000000000000000002
00000000000000000000000002000000000000000000000002
00000000000000000000000002000000000000000000000002
00000000000000000000000002000000000000000000000002
00000000011111111111111112000000000000000000000002
00000000000000000000000000000000000000000000000002
00000000000000000000000000000000000000000000000002
00000000000000000000000000000000000000000000000002
01111111111111111111111111111111111111111111111112
00000000000000000000000000000000000000000000000000
10000000000000000000000000000000000000000000000001
10000000000000000000000000000000000000000000000001
10000000000000000000000000000000000000000000000001
10000000000000000000000000000000000000000000000001
10000000000000000000000000000000000000000000000001
10000000000000000000000000000000000000000000000001
10000000000000000000000000000000000000000000000001
10000000000000000000000000000000000000000000000001
10000000000000000000000000000000000000000000000001
10000000000000000000000000000000000000000000000001
10000000000000000000000000000000000000010000000001
10000000000000000000000000000000000000010000000001
10000000000000000000000000000000000000010000000001
10000000000000000000000000000000000000010000000001
10000000000000000000000000000000000000010000000001
10000000000000000000000000000000000000010000000001
10000000000000000000000000000000000000020000000001
10000000000000000000000000000000000000000000000001
10000000000000000000000000000000000000000000000001
10000000000000000000000000000000000000000000000001
10000000000000000000000000000000000000000000000001
10000000100000000000000001000000000000000000000001
10000000100000000000000001000000000000000000000001
10000000100000000000000001000000000000000000000001
10000000100000000000000001000000000000000000000001
10000000000000000000000001000000000000000000000001
10000000000000000000000001000000000000000000000001
10000000000000000000000001000000000000000000000001
10000000100000000000000001000000000000000000000001
10000000100000000000000001000000000000000000000001
10000000100000000000000001000000000000000000000001
10000000222222222222222222000000000000000000000001
10000000000000000000000000000000000000000000000001
10000000000000000000000000000000000000000000000001
10000000000000000000000000000000000000000000000001
22222222222222222222222222222222222222222222222222
I
9#1#64#48#368#48#656#48#704#48#720#48#64#144#64#160#272#176#272#160#
P
6#480#288#640#288#640#176#624#176#624#272#480#272#
4#192#80#368#80#368#64#192#64#
12#128#464#128#528#416#528#416#336#128#336#128#416#144#416#144#352#400#352#400#512#144#512#144#464#
4#784#576#16#576#16#16#784#16#
F
