50
37
00000000000000000000000000000000000000000000000000
00000000000000000000000000000000000000000000000000
00000000000000000000000000000000000000000000000000
00000000000000000000000000000000000000000000000000
00000000000000000000000000000000000000000000000000
00000000000000000000000000000000000000000000000000
00000000000000000000000000000000000000000000000000
00000000000000000000000000000000000000000000000000
00000000000000000000000000000000000000000000000000
00000000000000000000000000000000000000000000000000
00000000000000000000000000000000000000000000000000
00000000000000000000000000000000000000000000000000
00000000000000000000000000000000000000000000000000
00000000000000000000000000000000000000000000000000
00000000000000000000000000000000000000000000000000
00000000000000000000000000000000000000000000000000
00000000000000000000000000000000000000000000000000
00000000000000000000000000000000000000000000000000
00000000000000000000000000000000000000000000000000
00000000000000000000000000000000000000000000000000
00000000000000000000000000000000000000000000000000
00000000000000000000000000000000000000000000000000
00000000000000000000000000000000000000000000000000
00000000000000000000000000000000000000000000000000
00000000000000000000000000000000000000000000000000
00000000000000000000000000000000000000000000000000
00000000000000000000000000000000000000000000000000
00000000000000000000000000000000000000000000000000
00000000000000000000000000000000000000000000000000
00000000000000000000000000000000000000000000000000
00000000000000000000000000000000000000000000000000
00000000000000000000000000000000000000000000000000
00000000000000000000000000000000000000000000000000
00000000000000000000000000000000000000000000000000
00000000000000000000000000000000000000000000000000
00000000000000000000000000000000000000000000000000
00000000000000000000000000000000000000000000000000
11111111111111111111111111111111111111111111111111
11111111111111111111111111111111111111111111111111
11111111111111111111111111111111111111111111111111
11111111111111111111111111111111111111111111111111
11111111111111111111111111111111111111111111111111
11111111111111111111111111111111111111111111111111
11111111111111111111111111111111111111111111111111
11111111111111111111111111111111111111111111111111
11111111111111111111111111111111111111111111111111
11111111111111111111111111111111111111111111111111
11111111111111111111111111111111111111111111111111
11111111111111111111111111111111111111111111111111
11111111111111111111111111111111111111111111111111
11111111111111111111111111111111111111111111111111
11111111111111111111111111111111111111111111111111
11111111111111111111111111111111111111111111111111
11111111111111111111111111111111111111111111111111
11111111111111111111111111111111111111111111111111
11111111111111111111111111111111111111111111111111
11111111111111111111111111111111111111111111111111
11111111111111111111111111111111111111111111111111
11111111111111111111111111111111111111111111111111
11111111111111111111111111111111111111111111111111
11111111111111111111111111111111111111111111111111
11111111111111111111111111111111111111111111111111
11111111111111111111111111111111111111111111111111
11111111111111111111111111111111111111111111111111
11111111111111111111111111111111111111111111111111
11111111111111111111111111111111111111111111111111
11111111111111111111111111111111111111111111111111
11111111111111111111111111111111111111111111111111
11111111111111111111111111111111111111111111111111
11111111111111111111111111111111111111111111111111
11111111111111111111111111111111111111111111111111
11111111111111111111111111111111111111111111111111
11111111111111111111111111111111111111111111111111
11111111111111111111111111111111111111111111111111
11111111111111111111111111111111111111111111111111
11111111111111111111111111111111111111111111111111
11111111111111111111111111111111111111111111111111
11111111111111111111111111111111111111111111111111
11111111111111111111111111111111111111111111111111
11111111111111111111111111111111111111111111111111
11111111111111111111111111111111111111111111111111
11111111111111111111111111111111111111111111111111
11111111111111111111111111111111111111111111111111
11111111111111111111111111111111111111111111111111
11111111111111111111111111111111111111111111111111
11111111111111111111111111111111111111111111111111
11111111111111111111111111111111111111111111111111
11111111111111111111111111111111111111111111111111
11111111111111111111111111111111111111111111111111
11111111111111111111111111111111111111111111111111
11111111111111111111111111111111111111111111111111
11111111111111111111111111111111111111111111111111
11111111111111111111111111111111111111111111111111
11111111111111111111111111111111111111111111111111
11111111111111111111111111111111111111111111111111
11111111111111111111111111111111111111111111111111
11111111111111111111111111111111111111111111111111
11111111111111111111111111111111111111111111111111
11111111111111111111111111111111111111111111111111
11111111111111111111111111111111111111111111111111
11111111111111111111111111111111111111111111111111
11111111111111111111111111111111111111111111111111
11111111111111111111111111111111111111111111111111
11111111111111111111111111111111111111111111111111
11111111111111111111111111111111111111111111111111
11111111111111111111111111111111111111111111111111
11111111111111111111111111111111111111111111111111
11111111111111111111111111111111111111111111111111
11111111111111111111111111111111111111111111111111
11111111111111111111111111111111111111111111111111
11111111111111111111111111111111111111111111111111
00000000000000000000000000000000000000000000000000
00000000000000000000000000000000000000000000000000
00000000000000000000000000000000000000000000000000
00000000000000000000000000000000000000000000000000
00000000000000000000000000000000000000000000000000
00000000000000000000000000000000000000000000000000
00000000000000000000000000000000000000000000000000
00000000000000000000000000000000000000000000000000
00000000000000000000000000000000000000000000000000
00000000000000000000000000000000000000000000000000
00000000000000000000000000000000000000000000000000
00000000000000000000000000000000000000000000000000
00000000000000000000000000000000000000000000000000
00000000000000000000000000000000000000000000000000
00000000000000000000000000000000000000000000000000
00000000000000000000000000000000000000000000000000
00000000000000000000000000000000000000000000000000
00000000000000000000000000000000000000000000000000
00000000000000000000000000000000000000000000000000
00000000000000000000000000000000000000000000000000
00000000000000000000000000000000000000000000000000
00000000000000000000000000000000000000000000000000
00000000000000000000000000000000000000000000000000
00000000000000000000000000000000000000000000000000
00000000000000000000000000000000000000000000000000
00000000000000000000000000000000000000000000000000
00000000000000000000000000000000000000000000000000
00000000000000000000000000000000000000000000000000
00000000000000000000000000000000000000000000000000
00000000000000000000000000000000000000000000000000
00000000000000000000000000000000000000000000000000
00000000000000000000000000000000000000000000000000
00000000000000000000000000000000000000000000000000
00000000000000000000000000000000000000000000000000
00000000000000000000000000000000000000000000000000
00000000000000000000000000000000000000000000000000
00000000000000000000000000000000000000000000000000
11111111111111111111111111111111111111111111111111
10000000000000000000000000000000000000000000000001
10000000000000000000000000000000000000000000000001
10001111111111111110000111111110000000000000000001
10000000000000000010000100000010000000000000000001
10000000000000000010000100000010000000000000000001
10000000000000000010000100000010000000000000000001
10000000000000000010000100000010000000000000000001
10000000000000000010000100000010000000000000000001
10000000000000000010000100000010000000000000000001
10001111111111111110000100000010000000000000000001
10000000000000000000000100000010000000000000000001
10000000000000000000000100000010000000000000000001
10000000000000000000000100000010000000000000000001
10000000000000000000000100000010000000000000000001
10000000000000000000000100000010000000000000000001
10000000000000000000000100000010000000000000000001
10000000000000000000000100000010000000000000000001
10000000000000000000000100000010000000000000000001
10000000000000000000000100000010000000000000000001
10000000000000000000000100000010000000000000000001
10000000000000000000000000000000000000000000000001
10000000000000000000000000000000000000000000000001
10000000000000000000000000000000000000000000000001
10000000000000000000000000000000000000000000000001
10000000000000000000000000111000000000000000000001
10001111111111111111111111100000000000000000000001
10001000000000000000000000000000000000000000000001
10001000000000000000000000000000000000000000000001
10001000000000000000000000000000000000000000000001
10001000000000000000000000000000000000000000000001
10001000000000000000000000000000000000000000000001
10001000011100000000000000000000000000000000000001
10001111111111111111111111100000000000000000000001
10000000000000000000000000000000000000000000000001
10000000000000000000000000000000000000000000000001
11111111111111111111111111111111111111111111111111
01111111111111111111111111111111111111111111111112
00000000000000000000000000000000000000000000000002
00000000000000000000000000000000000000000000000002
00000111111111111120000011111120000000000000000002
00000000000000000020000000000020000000000000000002
00000000000000000020000000000020000000000000000002
00000000000000000020000000000020000000000000000002
00000000000000000020000000000020000000000000000002
00000000000000000020000000000020000000000000000002
00000000000000000020000000000020000000000000000002
00000111111111111120000000000020000000000000000002
00000000000000000000000000000020000000000000000002
00000000000000000000000000000020000000000000000002
00000000000000000000000000000020000000000000000002
00000000000000000000000000000020000000000000000002
00000000000000000000000000000020000000000000000002
00000000000000000000000000000020000000000000000002
00000000000000000000000000000020000000000000000002
00000000000000000000000000000020000000000000000002
00000000000000000000000000000020000000000000000002
00000000000000000000000000000020000000000000000002
00000000000000000000000000000000000000000000000002
00000000000000000000000000000000000000000000000002
00000000000000000000000000000000000000000000000002
00000000000000000000000000000000000000000000000002
00000000000000000000000000111000000000000000000002
00000111111111111111111111100000000000000000000002
00000000000000000000000000000000000000000000000002
00000000000000000000000000000000000000000000000002
00000000000000000000000000000000000000000000000002
00000000000000000000000000000000000000000000000002
00000000000000000000000000000000000000000000000002
00000000011100000000000000000000000000000000000002
00000111111111111111111111100000000000000000000002
00000000000000000000000000000000000000000000000002
00000000000000000000000000000000000000000000000002
01111111111111111111111111111111111111111111111112
00000000000000000000000000000000000000000000000000
10000000000000000000000000000000000000000000000001
10000000000000000000000000000000000000000000000001
10000000000000000000000000000000000000000000000001
10000000000000000010000100000010000000000000000001
10000000000000000010000100000010000000000000000001
10000000000000000010000100000010000000000000000001
10000000000000000010000100000010000000000000000001
10000000000000000010000100000010000000000000000001
10000000000000000010000100000010000000000000000001
10002222222222222220000100000010000000000000000001
10000000000000000000000100000010000000000000000001
10000000000000000000000100000010000000000000000001
10000000000000000000000100000010000000000000000001
10000000000000000000000100000010000000000000000001
10000000000000000000000100000010000000000000000001
10000000000000000000000100000010000000000000000001
10000000000000000000000100000010000000000000000001
10000000000000000000000100000010000000000000000001
10000000000000000000000100000010000000000000000001
10000000000000000000000200000020000000000000000001
10000000000000000000000000000000000000000000000001
10000000000000000000000000000000000000000000000001
10000000000000000000000000000000000000000000000001
10000000000000000000000000000000000000000000000001
10000000000000000000000000000000000000000000000001
10000000000000000000000000000000000000000000000001
10001000000000000000000000000000000000000000000001
10001000000000000000000000000000000000000000000001
10001000000000000000000000000000000000000000000001
10001000000000000000000000000000000000000000000001
10001000000000000000000000000000000000000000000001
10001000011100000000000000000000000000000000000001
10002000000200222222222222200000000000000000000001
10000000000000000000000000000000000000000000000001
10000000000000000000000000000000000000000000000001
22222222222222222222222222222222222222222222222222
I
4#1#500#112#70#50#120#93#200#150
2#4#540#200#50#50
P
8#496#336#496#48#368#48#368#336#384#336#384#64#480#64#480#336#
8#64#64#288#64#288#160#64#160#64#176#304#176#304#48#64#48#
12#432#544#432#528#80#528#80#432#432#432#432#416#464#416#464#400#416#400#416#416#64#416#64#544#
4#16#16#784#16#784#576#16#576#
O
0#80#16#32#16
1#80#432#16#16
1#224#240#16#16
0#464#112#16#32
1#640#336#16#16
0#672#16#32#16
0#768#176#16#32
F
